0 [0.91182546 1.67000513 0.76962858]
10 [0.72398823 1.66199024 1.05972787]
20 [0.70156353 1.55601015 0.96557827]
30 [0.76158318 1.57260896 0.96827874]
40 [0.7155393  1.57018855 1.05094659]
50 [0.7597196  1.5749497  1.01910038]
60 [0.84617469 1.57209314 0.98203344]
70 [0.90790848 1.56660394 0.9795503 ]
80 [0.92993513 1.56648608 0.97441645]
90 [0.95453277 1.55883407 0.97972637]
100 [0.95682598 1.54719267 0.95225962]
110 [0.94277608 1.52230915 0.92853097]
120 [0.93947822 1.49026804 0.9062831 ]
130 [0.94189489 1.44926045 0.88300932]
140 [0.95101782 1.41113824 0.8651197 ]
150 [0.96134051 1.38432666 0.8622649 ]
160 [0.96422312 1.35947193 0.87636441]
170 [0.95535493 1.35640819 0.88561826]
180 [0.94725035 1.37479583 0.88880226]
190 [0.93751869 1.35834976 0.88410674]
200 [0.93390252 1.3509717  0.88877464]
210 [0.92808396 1.31297513 0.87736296]
220 [0.9283088  1.28860515 0.88583248]
230 [0.93015236 1.28704821 0.87049992]
240 [0.93125228 1.33050944 0.82452688]
250 [0.92873228 1.25343237 0.82438662]
260 [0.92070494 1.22632836 0.86557956]
270 [0.91571187 1.22322532 0.81765079]
280 [0.90134654 1.27724408 0.82548427]
290 [0.89655549 1.22101439 0.84840656]
300 [0.87408665 1.15645948 0.82733028]
310 [0.8945026  1.15931533 0.81684142]
320 [0.89704947 1.15329331 0.83285431]
330 [0.88808504 1.12114452 0.83250168]
340 [0.88442487 1.10739386 0.8203182 ]
350 [0.88909742 1.12973859 0.81800954]
360 [0.89615122 1.05091246 0.827915  ]
370 [0.89651327 0.99833833 0.8316009 ]
380 [0.90344453 1.06963636 0.81697938]
390 [0.89474644 0.9165272  0.85051238]
400 [0.90676701 0.96312887 0.83098999]
410 [0.93535394 0.89060663 0.87772921]
420 [0.93447432 0.86310781 0.84629576]
430 [0.93317855 0.94571084 0.82116158]
440 [0.93025179 0.9066852  0.85087541]
450 [0.93666029 0.8521913  0.85482222]
460 [0.94045392 0.8400713  0.84970575]
470 [0.95918337 0.84107776 0.85576722]
480 [0.93833538 0.82183628 0.83015095]
490 [0.98197839 0.82829561 0.85072951]
500 [0.95960396 0.79169352 0.83230447]
510 [0.97607821 0.80817023 0.85505929]
520 [0.97364571 0.79121374 0.85745195]
530 [1.01242544 0.69308756 0.86927953]
540 [0.96846589 0.71656771 0.83652368]
550 [1.00222051 0.81422212 0.871758  ]
560 [0.99039138 0.79328827 0.87464622]
570 [1.04754104 0.77057739 0.87545566]
580 [1.02575051 0.75868264 0.86136702]
590 [1.04060968 0.73502147 0.87696691]
600 [1.04316191 0.73004063 0.85890639]
610 [1.04239313 0.71676781 0.87997934]
620 [1.04621767 0.71421394 0.8662539 ]
630 [1.08913078 0.6663682  0.87984776]
640 [0.99202049 0.70534339 0.85772018]
650 [1.06509995 0.71744087 0.8582498 ]
660 [1.03837659 0.7097705  0.84188807]
670 [1.06116228 0.74035968 0.86063297]
680 [1.0318911  0.71599433 0.85512707]
690 [1.04735214 0.70139499 0.84106445]
700 [1.05232647 0.6899391  0.84935236]
710 [1.05834898 0.67551583 0.83735511]
720 [1.05997002 0.6741922  0.84773055]
730 [1.05846294 0.64114531 0.86296394]
740 [1.06072929 0.65829412 0.83665778]
750 [1.07927547 0.65063192 0.86301682]
760 [1.06643191 0.65600785 0.82949555]
770 [1.07925291 0.6629953  0.86808578]
780 [1.08582112 0.62645562 0.86137738]
790 [1.08403367 0.63374792 0.86235227]
800 [1.09875532 0.59069056 0.84092514]
810 [1.09038906 0.60797396 0.82877877]
820 [1.0869735  0.6493909  0.82028709]
830 [1.09051625 0.62048784 0.82694077]
840 [1.07311878 0.64198972 0.82606574]
850 [1.09551557 0.63695581 0.82272557]
860 [1.09945233 0.60491622 0.82716742]
870 [1.0586118  0.60688223 0.80960318]
880 [1.08231613 0.5973168  0.81740738]
890 [1.06309187 0.61205288 0.81466214]
900 [1.06403717 0.61509737 0.81883802]
910 [1.06601481 0.60211963 0.80859629]
920 [1.10812524 0.67184018 0.78053793]
930 [1.08538816 0.66237906 0.81789834]
940 [1.05441314 0.60627808 0.81191448]
950 [1.07182173 0.61802169 0.81493404]
960 [1.07015056 0.60106412 0.80674106]
970 [1.06493577 0.60689589 0.81090255]
980 [1.05343921 0.60088447 0.78620607]
990 [1.04027081 0.6204584  0.78824809]