0 [0.91182546 1.67000513 0.76962858]
10 [0.95412774 1.64152068 1.03568872]
20 [0.90756999 1.59845249 0.8963268 ]
30 [0.87999455 1.58170731 0.91996402]
40 [0.86678443 1.5769181  0.98063959]
50 [0.89191097 1.58074331 0.92796252]
60 [0.83438531 1.57818388 0.94508732]
70 [0.90548948 1.58519094 0.94017664]
80 [0.82631457 1.57991075 0.96528367]
90 [0.91211205 1.58339622 0.94634861]
100 [0.8305768  1.57190181 0.95791987]
110 [0.91125741 1.57079789 0.952974  ]
120 [0.8424072  1.55929692 0.92334229]
130 [0.89618862 1.55192363 0.95502186]
140 [0.88212001 1.53449344 0.92437016]
150 [0.89496792 1.51715611 0.93286667]
160 [0.90127115 1.51150288 0.92545099]
170 [0.9029224  1.50341056 0.92720579]
180 [0.903492   1.4946596  0.92284944]
190 [0.90508374 1.49484478 0.92889641]
200 [0.90630935 1.48004428 0.92218858]
210 [0.90946502 1.48104841 0.92480314]
220 [0.90848946 1.47168205 0.92935369]
230 [0.90879097 1.47970946 0.92321175]
240 [0.91206829 1.49816278 0.91134653]
250 [0.91571081 1.48060882 0.91571189]
260 [0.91569254 1.47445886 0.93307431]
270 [0.91276769 1.47125878 0.91498288]
280 [0.91975669 1.46548929 0.92184317]
290 [0.91748705 1.45188347 0.92237523]
300 [0.92033278 1.46485365 0.91828174]
310 [0.92566156 1.43881669 0.91570133]
320 [0.92360613 1.43859698 0.92655639]
330 [0.92306905 1.42922388 0.91320824]
340 [0.92859353 1.44783565 0.91390569]
350 [0.9300441  1.45739321 0.91963888]
360 [0.92466193 1.44842762 0.91160153]
370 [0.9296482  1.43973651 0.91813757]
380 [0.92644043 1.44059286 0.91255394]
390 [0.92914366 1.44412067 0.91759115]
400 [0.93408034 1.4503942  0.9288642 ]
410 [0.93052137 1.43696315 0.92294803]
420 [0.93852186 1.43974894 0.92995276]
430 [0.93913152 1.42392787 0.91589096]
440 [0.94344188 1.41830157 0.9330689 ]
450 [0.93618504 1.39840179 0.91246021]
460 [0.94643587 1.3998717  0.92010779]
470 [0.95202696 1.41696417 0.90350645]
480 [0.93447679 1.41866242 0.93118394]
490 [0.95043768 1.41280793 0.92203276]
500 [0.93899993 1.41759608 0.94081373]
510 [0.95333555 1.41008888 0.94146987]
520 [0.94815849 1.39175635 0.92877799]
530 [0.95121766 1.40166074 0.92440942]
540 [0.95449052 1.39048647 0.92738189]
550 [0.9596441  1.3809491  0.93739373]
560 [0.94867342 1.3904826  0.89828534]
570 [0.96035779 1.3968582  0.93910097]
580 [0.95884763 1.39584551 0.91239482]
590 [0.95646316 1.39463536 0.93404357]
600 [0.96069544 1.39285447 0.90842675]
610 [0.95893766 1.38499823 0.926318  ]
620 [0.96171581 1.38517066 0.91801307]
630 [0.96178028 1.38329698 0.90840884]
640 [0.96476372 1.38583416 0.91562246]
650 [0.96671259 1.38554836 0.90623236]
660 [0.96573171 1.37288412 0.91091334]
670 [0.96398628 1.38128278 0.90600786]
680 [0.96988793 1.37563667 0.90467273]
690 [0.96223697 1.36004556 0.91205378]
700 [0.96673731 1.3548831  0.90385642]
710 [0.96093851 1.3725726  0.90129639]
720 [0.96642911 1.3618415  0.90665041]
730 [0.96837002 1.35965185 0.89975908]
740 [0.96681111 1.35619727 0.89867296]
750 [0.97415352 1.32807697 0.89472448]
760 [0.96293894 1.33498566 0.88339165]
770 [0.9764176  1.35630528 0.88749798]
780 [0.96026917 1.34336265 0.89225222]
790 [0.98031655 1.33880764 0.89661731]
800 [0.96196586 1.34984974 0.90438445]
810 [0.98339313 1.34833283 0.88972633]
820 [0.96274734 1.34499249 0.91294205]
830 [0.98749891 1.33763008 0.8966384 ]
840 [0.96047774 1.34278832 0.89694565]
850 [0.98172407 1.33921202 0.89225297]
860 [0.95425038 1.33879904 0.90136887]
870 [0.98879297 1.32151035 0.89233046]
880 [0.94952636 1.33212787 0.8859587 ]
890 [0.99110683 1.33594229 0.88920886]
900 [0.95750256 1.3301835  0.8988402 ]
910 [0.98376064 1.32225664 0.88447031]
920 [0.96107246 1.31912684 0.87682973]
930 [0.9865959  1.32103449 0.89868018]
940 [0.96897383 1.30801132 0.88732077]
950 [0.99160777 1.30828278 0.86926477]
960 [0.94810209 1.30476521 0.89554503]
970 [0.99782967 1.29580806 0.86682723]
980 [0.9458993  1.29509262 0.88132331]
990 [0.99210778 1.31424681 0.86899741]