# x
1.000000000000000000e+00 2.554687500000000000e+00
1.000000000000000000e+00 2.320312500000000000e+00
1.000000000000000000e+00 1.195312500000000000e+00
0.000000000000000000e+00 1.570312500000000000e+00
0.000000000000000000e+00 1.359375000000000000e+00
0.000000000000000000e+00 2.859375000000000000e+00
1.000000000000000000e+00 2.414062500000000000e+00
0.000000000000000000e+00 2.507812500000000000e+00
1.000000000000000000e+00 2.109375000000000000e+00
0.000000000000000000e+00 1.804687500000000000e+00
1.000000000000000000e+00 2.601562500000000000e+00
1.000000000000000000e+00 3.984375000000000000e-01
1.000000000000000000e+00 7.031250000000000000e-02
1.000000000000000000e+00 2.390625000000000000e+00
1.000000000000000000e+00 4.687500000000000000e-01
0.000000000000000000e+00 1.148437500000000000e+00
1.000000000000000000e+00 6.093750000000000000e-01
1.000000000000000000e+00 1.289062500000000000e+00
1.000000000000000000e+00 2.085937500000000000e+00
1.000000000000000000e+00 2.835937500000000000e+00
1.000000000000000000e+00 1.429687500000000000e+00
1.000000000000000000e+00 7.734375000000000000e-01
1.000000000000000000e+00 1.875000000000000000e+00
0.000000000000000000e+00 5.390625000000000000e-01
1.000000000000000000e+00 2.531250000000000000e+00
0.000000000000000000e+00 2.343750000000000000e+00
0.000000000000000000e+00 2.718750000000000000e+00
1.000000000000000000e+00 8.671875000000000000e-01
0.000000000000000000e+00 1.664062500000000000e+00
1.000000000000000000e+00 1.968750000000000000e+00
0.000000000000000000e+00 2.015625000000000000e+00
1.000000000000000000e+00 1.640625000000000000e-01
0.000000000000000000e+00 1.851562500000000000e+00
0.000000000000000000e+00 2.953125000000000000e+00
0.000000000000000000e+00 1.031250000000000000e+00
1.000000000000000000e+00 5.156250000000000000e-01
0.000000000000000000e+00 7.031250000000000000e-01
1.000000000000000000e+00 2.343750000000000000e-02
0.000000000000000000e+00 2.062500000000000000e+00
1.000000000000000000e+00 1.171875000000000000e+00
0.000000000000000000e+00 1.406250000000000000e+00
0.000000000000000000e+00 1.921875000000000000e+00
0.000000000000000000e+00 2.976562500000000000e+00
0.000000000000000000e+00 2.367187500000000000e+00
1.000000000000000000e+00 2.742187500000000000e+00
1.000000000000000000e+00 2.226562500000000000e+00
1.000000000000000000e+00 1.687500000000000000e+00
1.000000000000000000e+00 1.242187500000000000e+00
1.000000000000000000e+00 1.945312500000000000e+00
0.000000000000000000e+00 2.578125000000000000e-01
1.000000000000000000e+00 9.375000000000000000e-02
0.000000000000000000e+00 5.625000000000000000e-01
1.000000000000000000e+00 1.476562500000000000e+00
1.000000000000000000e+00 1.593750000000000000e+00
0.000000000000000000e+00 2.179687500000000000e+00
0.000000000000000000e+00 1.171875000000000000e-02
1.000000000000000000e+00 2.789062500000000000e+00
0.000000000000000000e+00 1.265625000000000000e+00
0.000000000000000000e+00 1.640625000000000000e+00
1.000000000000000000e+00 2.132812500000000000e+00
0.000000000000000000e+00 2.625000000000000000e+00
0.000000000000000000e+00 9.375000000000000000e-01
0.000000000000000000e+00 2.484375000000000000e+00
0.000000000000000000e+00 2.578125000000000000e+00
1.000000000000000000e+00 4.921875000000000000e-01
0.000000000000000000e+00 1.898437500000000000e+00
0.000000000000000000e+00 6.328125000000000000e-01
1.000000000000000000e+00 1.757812500000000000e+00
0.000000000000000000e+00 2.882812500000000000e+00
0.000000000000000000e+00 6.796875000000000000e-01
0.000000000000000000e+00 1.335937500000000000e+00
1.000000000000000000e+00 2.906250000000000000e+00
0.000000000000000000e+00 1.734375000000000000e+00
0.000000000000000000e+00 1.382812500000000000e+00
1.000000000000000000e+00 7.500000000000000000e-01
0.000000000000000000e+00 1.406250000000000000e-01
0.000000000000000000e+00 2.296875000000000000e+00
1.000000000000000000e+00 1.875000000000000000e-01
1.000000000000000000e+00 2.039062500000000000e+00
0.000000000000000000e+00 3.515625000000000000e-01
0.000000000000000000e+00 7.265625000000000000e-01
1.000000000000000000e+00 8.203125000000000000e-01
0.000000000000000000e+00 1.007812500000000000e+00
0.000000000000000000e+00 2.765625000000000000e+00
1.000000000000000000e+00 9.140625000000000000e-01
0.000000000000000000e+00 5.859375000000000000e-01
1.000000000000000000e+00 3.046875000000000000e-01
1.000000000000000000e+00 7.968750000000000000e-01
1.000000000000000000e+00 1.218750000000000000e+00
1.000000000000000000e+00 2.437500000000000000e+00
1.000000000000000000e+00 1.828125000000000000e+00
1.000000000000000000e+00 2.648437500000000000e+00
0.000000000000000000e+00 2.156250000000000000e+00
1.000000000000000000e+00 3.281250000000000000e-01
0.000000000000000000e+00 6.562500000000000000e-01
0.000000000000000000e+00 2.109375000000000000e-01
0.000000000000000000e+00 1.054687500000000000e+00
1.000000000000000000e+00 2.203125000000000000e+00
0.000000000000000000e+00 1.101562500000000000e+00
1.000000000000000000e+00 4.453125000000000000e-01
1.000000000000000000e+00 2.929687500000000000e+00
0.000000000000000000e+00 1.617187500000000000e+00
0.000000000000000000e+00 1.312500000000000000e+00
0.000000000000000000e+00 1.171875000000000000e-01
1.000000000000000000e+00 1.992187500000000000e+00
0.000000000000000000e+00 2.812500000000000000e-01
0.000000000000000000e+00 2.812500000000000000e+00
1.000000000000000000e+00 3.750000000000000000e-01
1.000000000000000000e+00 9.609375000000000000e-01
0.000000000000000000e+00 1.546875000000000000e+00
0.000000000000000000e+00 9.843750000000000000e-01
1.000000000000000000e+00 1.500000000000000000e+00
0.000000000000000000e+00 2.671875000000000000e+00
0.000000000000000000e+00 2.695312500000000000e+00
0.000000000000000000e+00 4.218750000000000000e-01
1.000000000000000000e+00 1.078125000000000000e+00
0.000000000000000000e+00 1.453125000000000000e+00
0.000000000000000000e+00 2.460937500000000000e+00
1.000000000000000000e+00 4.687500000000000000e-02
1.000000000000000000e+00 1.125000000000000000e+00
0.000000000000000000e+00 1.710937500000000000e+00
0.000000000000000000e+00 1.523437500000000000e+00
0.000000000000000000e+00 8.437500000000000000e-01
1.000000000000000000e+00 2.343750000000000000e-01
1.000000000000000000e+00 2.273437500000000000e+00
0.000000000000000000e+00 1.781250000000000000e+00
0.000000000000000000e+00 2.250000000000000000e+00
1.000000000000000000e+00 8.906250000000000000e-01
5.000000000000000000e-01 0.000000000000000000e+00
2.500000000000000000e-01 0.000000000000000000e+00
7.500000000000000000e-01 0.000000000000000000e+00
1.250000000000000000e-01 0.000000000000000000e+00
6.250000000000000000e-01 0.000000000000000000e+00
3.750000000000000000e-01 0.000000000000000000e+00
8.750000000000000000e-01 0.000000000000000000e+00
6.250000000000000000e-02 0.000000000000000000e+00
5.625000000000000000e-01 0.000000000000000000e+00
3.125000000000000000e-01 0.000000000000000000e+00
8.125000000000000000e-01 0.000000000000000000e+00
1.875000000000000000e-01 0.000000000000000000e+00
6.875000000000000000e-01 0.000000000000000000e+00
4.375000000000000000e-01 0.000000000000000000e+00
9.375000000000000000e-01 0.000000000000000000e+00
3.125000000000000000e-02 0.000000000000000000e+00
5.312500000000000000e-01 0.000000000000000000e+00
2.812500000000000000e-01 0.000000000000000000e+00
7.812500000000000000e-01 0.000000000000000000e+00
1.562500000000000000e-01 0.000000000000000000e+00
6.562500000000000000e-01 0.000000000000000000e+00
4.062500000000000000e-01 0.000000000000000000e+00
9.062500000000000000e-01 0.000000000000000000e+00
9.375000000000000000e-02 0.000000000000000000e+00
5.937500000000000000e-01 0.000000000000000000e+00
3.437500000000000000e-01 0.000000000000000000e+00
8.437500000000000000e-01 0.000000000000000000e+00
2.187500000000000000e-01 0.000000000000000000e+00
7.187500000000000000e-01 0.000000000000000000e+00
4.687500000000000000e-01 0.000000000000000000e+00
9.687500000000000000e-01 0.000000000000000000e+00
1.562500000000000000e-02 0.000000000000000000e+00
5.156250000000000000e-01 0.000000000000000000e+00
2.656250000000000000e-01 0.000000000000000000e+00
7.656250000000000000e-01 0.000000000000000000e+00
1.406250000000000000e-01 0.000000000000000000e+00
6.406250000000000000e-01 0.000000000000000000e+00
3.906250000000000000e-01 0.000000000000000000e+00
8.906250000000000000e-01 0.000000000000000000e+00
7.812500000000000000e-02 0.000000000000000000e+00
5.781250000000000000e-01 0.000000000000000000e+00
3.281250000000000000e-01 0.000000000000000000e+00
8.281250000000000000e-01 0.000000000000000000e+00
2.031250000000000000e-01 0.000000000000000000e+00
7.031250000000000000e-01 0.000000000000000000e+00
4.531250000000000000e-01 0.000000000000000000e+00
9.531250000000000000e-01 0.000000000000000000e+00
4.687500000000000000e-02 0.000000000000000000e+00
5.468750000000000000e-01 0.000000000000000000e+00
2.968750000000000000e-01 0.000000000000000000e+00
7.968750000000000000e-01 0.000000000000000000e+00
1.718750000000000000e-01 0.000000000000000000e+00
6.718750000000000000e-01 0.000000000000000000e+00
4.218750000000000000e-01 0.000000000000000000e+00
9.218750000000000000e-01 0.000000000000000000e+00
1.093750000000000000e-01 0.000000000000000000e+00
6.093750000000000000e-01 0.000000000000000000e+00
3.593750000000000000e-01 0.000000000000000000e+00
8.593750000000000000e-01 0.000000000000000000e+00
2.343750000000000000e-01 0.000000000000000000e+00
7.343750000000000000e-01 0.000000000000000000e+00
4.843750000000000000e-01 0.000000000000000000e+00
9.843750000000000000e-01 0.000000000000000000e+00
7.812500000000000000e-03 0.000000000000000000e+00
5.078125000000000000e-01 0.000000000000000000e+00
2.578125000000000000e-01 0.000000000000000000e+00
7.578125000000000000e-01 0.000000000000000000e+00
1.328125000000000000e-01 0.000000000000000000e+00
6.328125000000000000e-01 0.000000000000000000e+00
3.828125000000000000e-01 0.000000000000000000e+00
8.828125000000000000e-01 0.000000000000000000e+00
7.031250000000000000e-02 0.000000000000000000e+00
5.703125000000000000e-01 0.000000000000000000e+00
3.203125000000000000e-01 0.000000000000000000e+00
8.203125000000000000e-01 0.000000000000000000e+00
1.953125000000000000e-01 0.000000000000000000e+00
6.953125000000000000e-01 0.000000000000000000e+00
4.453125000000000000e-01 0.000000000000000000e+00
9.453125000000000000e-01 0.000000000000000000e+00
3.906250000000000000e-02 0.000000000000000000e+00
5.390625000000000000e-01 0.000000000000000000e+00
2.890625000000000000e-01 0.000000000000000000e+00
7.890625000000000000e-01 0.000000000000000000e+00
1.640625000000000000e-01 0.000000000000000000e+00
6.640625000000000000e-01 0.000000000000000000e+00
4.140625000000000000e-01 0.000000000000000000e+00
9.140625000000000000e-01 0.000000000000000000e+00
1.015625000000000000e-01 0.000000000000000000e+00
6.015625000000000000e-01 0.000000000000000000e+00
3.515625000000000000e-01 0.000000000000000000e+00
8.515625000000000000e-01 0.000000000000000000e+00
2.265625000000000000e-01 0.000000000000000000e+00
7.265625000000000000e-01 0.000000000000000000e+00
4.765625000000000000e-01 0.000000000000000000e+00
9.765625000000000000e-01 0.000000000000000000e+00
2.343750000000000000e-02 0.000000000000000000e+00
5.234375000000000000e-01 0.000000000000000000e+00
2.734375000000000000e-01 0.000000000000000000e+00
7.734375000000000000e-01 0.000000000000000000e+00
1.484375000000000000e-01 0.000000000000000000e+00
6.484375000000000000e-01 0.000000000000000000e+00
3.984375000000000000e-01 0.000000000000000000e+00
8.984375000000000000e-01 0.000000000000000000e+00
8.593750000000000000e-02 0.000000000000000000e+00
5.859375000000000000e-01 0.000000000000000000e+00
3.359375000000000000e-01 0.000000000000000000e+00
8.359375000000000000e-01 0.000000000000000000e+00
2.109375000000000000e-01 0.000000000000000000e+00
7.109375000000000000e-01 0.000000000000000000e+00
4.609375000000000000e-01 0.000000000000000000e+00
9.609375000000000000e-01 0.000000000000000000e+00
5.468750000000000000e-02 0.000000000000000000e+00
5.546875000000000000e-01 0.000000000000000000e+00
3.046875000000000000e-01 0.000000000000000000e+00
8.046875000000000000e-01 0.000000000000000000e+00
1.796875000000000000e-01 0.000000000000000000e+00
6.796875000000000000e-01 0.000000000000000000e+00
4.296875000000000000e-01 0.000000000000000000e+00
9.296875000000000000e-01 0.000000000000000000e+00
1.171875000000000000e-01 0.000000000000000000e+00
6.171875000000000000e-01 0.000000000000000000e+00
3.671875000000000000e-01 0.000000000000000000e+00
8.671875000000000000e-01 0.000000000000000000e+00
2.421875000000000000e-01 0.000000000000000000e+00
7.421875000000000000e-01 0.000000000000000000e+00
4.921875000000000000e-01 0.000000000000000000e+00
9.921875000000000000e-01 0.000000000000000000e+00
3.906250000000000000e-03 0.000000000000000000e+00
5.000000000000000000e-01 0.000000000000000000e+00
2.500000000000000000e-01 0.000000000000000000e+00
7.500000000000000000e-01 0.000000000000000000e+00
1.250000000000000000e-01 0.000000000000000000e+00
6.250000000000000000e-01 0.000000000000000000e+00
3.750000000000000000e-01 0.000000000000000000e+00
8.750000000000000000e-01 0.000000000000000000e+00
6.250000000000000000e-02 0.000000000000000000e+00
5.625000000000000000e-01 0.000000000000000000e+00
3.125000000000000000e-01 0.000000000000000000e+00
8.125000000000000000e-01 0.000000000000000000e+00
1.875000000000000000e-01 0.000000000000000000e+00
6.875000000000000000e-01 0.000000000000000000e+00
4.375000000000000000e-01 0.000000000000000000e+00
9.375000000000000000e-01 0.000000000000000000e+00
3.125000000000000000e-02 0.000000000000000000e+00
5.312500000000000000e-01 0.000000000000000000e+00
2.812500000000000000e-01 0.000000000000000000e+00
7.812500000000000000e-01 0.000000000000000000e+00
1.562500000000000000e-01 0.000000000000000000e+00
6.562500000000000000e-01 0.000000000000000000e+00
4.062500000000000000e-01 0.000000000000000000e+00
9.062500000000000000e-01 0.000000000000000000e+00
9.375000000000000000e-02 0.000000000000000000e+00
5.937500000000000000e-01 0.000000000000000000e+00
3.437500000000000000e-01 0.000000000000000000e+00
8.437500000000000000e-01 0.000000000000000000e+00
2.187500000000000000e-01 0.000000000000000000e+00
7.187500000000000000e-01 0.000000000000000000e+00
4.687500000000000000e-01 0.000000000000000000e+00
9.687500000000000000e-01 0.000000000000000000e+00
1.562500000000000000e-02 0.000000000000000000e+00
5.156250000000000000e-01 0.000000000000000000e+00
2.656250000000000000e-01 0.000000000000000000e+00
7.656250000000000000e-01 0.000000000000000000e+00
1.406250000000000000e-01 0.000000000000000000e+00
6.406250000000000000e-01 0.000000000000000000e+00
3.906250000000000000e-01 0.000000000000000000e+00
8.906250000000000000e-01 0.000000000000000000e+00
7.812500000000000000e-02 0.000000000000000000e+00
5.781250000000000000e-01 0.000000000000000000e+00
3.281250000000000000e-01 0.000000000000000000e+00
8.281250000000000000e-01 0.000000000000000000e+00
2.031250000000000000e-01 0.000000000000000000e+00
7.031250000000000000e-01 0.000000000000000000e+00
4.531250000000000000e-01 0.000000000000000000e+00
9.531250000000000000e-01 0.000000000000000000e+00
4.687500000000000000e-02 0.000000000000000000e+00
5.468750000000000000e-01 0.000000000000000000e+00
2.968750000000000000e-01 0.000000000000000000e+00
7.968750000000000000e-01 0.000000000000000000e+00
1.718750000000000000e-01 0.000000000000000000e+00
6.718750000000000000e-01 0.000000000000000000e+00
4.218750000000000000e-01 0.000000000000000000e+00
9.218750000000000000e-01 0.000000000000000000e+00
1.093750000000000000e-01 0.000000000000000000e+00
6.093750000000000000e-01 0.000000000000000000e+00
3.593750000000000000e-01 0.000000000000000000e+00
8.593750000000000000e-01 0.000000000000000000e+00
2.343750000000000000e-01 0.000000000000000000e+00
7.343750000000000000e-01 0.000000000000000000e+00
4.843750000000000000e-01 0.000000000000000000e+00
9.843750000000000000e-01 0.000000000000000000e+00
7.812500000000000000e-03 0.000000000000000000e+00
5.078125000000000000e-01 0.000000000000000000e+00
2.578125000000000000e-01 0.000000000000000000e+00
7.578125000000000000e-01 0.000000000000000000e+00
1.328125000000000000e-01 0.000000000000000000e+00
6.328125000000000000e-01 0.000000000000000000e+00
3.828125000000000000e-01 0.000000000000000000e+00
8.828125000000000000e-01 0.000000000000000000e+00
7.031250000000000000e-02 0.000000000000000000e+00
5.703125000000000000e-01 0.000000000000000000e+00
3.203125000000000000e-01 0.000000000000000000e+00
8.203125000000000000e-01 0.000000000000000000e+00
1.953125000000000000e-01 0.000000000000000000e+00
6.953125000000000000e-01 0.000000000000000000e+00
4.453125000000000000e-01 0.000000000000000000e+00
9.453125000000000000e-01 0.000000000000000000e+00
3.906250000000000000e-02 0.000000000000000000e+00
5.390625000000000000e-01 0.000000000000000000e+00
2.890625000000000000e-01 0.000000000000000000e+00
7.890625000000000000e-01 0.000000000000000000e+00
1.640625000000000000e-01 0.000000000000000000e+00
6.640625000000000000e-01 0.000000000000000000e+00
4.140625000000000000e-01 0.000000000000000000e+00
9.140625000000000000e-01 0.000000000000000000e+00
1.015625000000000000e-01 0.000000000000000000e+00
6.015625000000000000e-01 0.000000000000000000e+00
3.515625000000000000e-01 0.000000000000000000e+00
8.515625000000000000e-01 0.000000000000000000e+00
2.265625000000000000e-01 0.000000000000000000e+00
7.265625000000000000e-01 0.000000000000000000e+00
4.765625000000000000e-01 0.000000000000000000e+00
9.765625000000000000e-01 0.000000000000000000e+00
2.343750000000000000e-02 0.000000000000000000e+00
5.234375000000000000e-01 0.000000000000000000e+00
2.734375000000000000e-01 0.000000000000000000e+00
7.734375000000000000e-01 0.000000000000000000e+00
1.484375000000000000e-01 0.000000000000000000e+00
6.484375000000000000e-01 0.000000000000000000e+00
3.984375000000000000e-01 0.000000000000000000e+00
8.984375000000000000e-01 0.000000000000000000e+00
8.593750000000000000e-02 0.000000000000000000e+00
5.859375000000000000e-01 0.000000000000000000e+00
3.359375000000000000e-01 0.000000000000000000e+00
8.359375000000000000e-01 0.000000000000000000e+00
2.109375000000000000e-01 0.000000000000000000e+00
7.109375000000000000e-01 0.000000000000000000e+00
4.609375000000000000e-01 0.000000000000000000e+00
9.609375000000000000e-01 0.000000000000000000e+00
5.468750000000000000e-02 0.000000000000000000e+00
5.546875000000000000e-01 0.000000000000000000e+00
3.046875000000000000e-01 0.000000000000000000e+00
8.046875000000000000e-01 0.000000000000000000e+00
1.796875000000000000e-01 0.000000000000000000e+00
6.796875000000000000e-01 0.000000000000000000e+00
4.296875000000000000e-01 0.000000000000000000e+00
9.296875000000000000e-01 0.000000000000000000e+00
1.171875000000000000e-01 0.000000000000000000e+00
6.171875000000000000e-01 0.000000000000000000e+00
3.671875000000000000e-01 0.000000000000000000e+00
8.671875000000000000e-01 0.000000000000000000e+00
2.421875000000000000e-01 0.000000000000000000e+00
7.421875000000000000e-01 0.000000000000000000e+00
4.921875000000000000e-01 0.000000000000000000e+00
9.921875000000000000e-01 0.000000000000000000e+00
3.906250000000000000e-03 0.000000000000000000e+00
1.000000000000000000e+00 2.554687500000000000e+00
1.000000000000000000e+00 2.320312500000000000e+00
1.000000000000000000e+00 1.195312500000000000e+00
0.000000000000000000e+00 1.570312500000000000e+00
0.000000000000000000e+00 1.359375000000000000e+00
0.000000000000000000e+00 2.859375000000000000e+00
1.000000000000000000e+00 2.414062500000000000e+00
0.000000000000000000e+00 2.507812500000000000e+00
1.000000000000000000e+00 2.109375000000000000e+00
0.000000000000000000e+00 1.804687500000000000e+00
1.000000000000000000e+00 2.601562500000000000e+00
1.000000000000000000e+00 3.984375000000000000e-01
1.000000000000000000e+00 7.031250000000000000e-02
1.000000000000000000e+00 2.390625000000000000e+00
1.000000000000000000e+00 4.687500000000000000e-01
0.000000000000000000e+00 1.148437500000000000e+00
1.000000000000000000e+00 6.093750000000000000e-01
1.000000000000000000e+00 1.289062500000000000e+00
1.000000000000000000e+00 2.085937500000000000e+00
1.000000000000000000e+00 2.835937500000000000e+00
1.000000000000000000e+00 1.429687500000000000e+00
1.000000000000000000e+00 7.734375000000000000e-01
1.000000000000000000e+00 1.875000000000000000e+00
0.000000000000000000e+00 5.390625000000000000e-01
1.000000000000000000e+00 2.531250000000000000e+00
0.000000000000000000e+00 2.343750000000000000e+00
0.000000000000000000e+00 2.718750000000000000e+00
1.000000000000000000e+00 8.671875000000000000e-01
0.000000000000000000e+00 1.664062500000000000e+00
1.000000000000000000e+00 1.968750000000000000e+00
0.000000000000000000e+00 2.015625000000000000e+00
1.000000000000000000e+00 1.640625000000000000e-01
0.000000000000000000e+00 1.851562500000000000e+00
0.000000000000000000e+00 2.953125000000000000e+00
0.000000000000000000e+00 1.031250000000000000e+00
1.000000000000000000e+00 5.156250000000000000e-01
0.000000000000000000e+00 7.031250000000000000e-01
1.000000000000000000e+00 2.343750000000000000e-02
0.000000000000000000e+00 2.062500000000000000e+00
1.000000000000000000e+00 1.171875000000000000e+00
0.000000000000000000e+00 1.406250000000000000e+00
0.000000000000000000e+00 1.921875000000000000e+00
0.000000000000000000e+00 2.976562500000000000e+00
0.000000000000000000e+00 2.367187500000000000e+00
1.000000000000000000e+00 2.742187500000000000e+00
1.000000000000000000e+00 2.226562500000000000e+00
1.000000000000000000e+00 1.687500000000000000e+00
1.000000000000000000e+00 1.242187500000000000e+00
1.000000000000000000e+00 1.945312500000000000e+00
0.000000000000000000e+00 2.578125000000000000e-01
1.000000000000000000e+00 9.375000000000000000e-02
0.000000000000000000e+00 5.625000000000000000e-01
1.000000000000000000e+00 1.476562500000000000e+00
1.000000000000000000e+00 1.593750000000000000e+00
0.000000000000000000e+00 2.179687500000000000e+00
0.000000000000000000e+00 1.171875000000000000e-02
1.000000000000000000e+00 2.789062500000000000e+00
0.000000000000000000e+00 1.265625000000000000e+00
0.000000000000000000e+00 1.640625000000000000e+00
1.000000000000000000e+00 2.132812500000000000e+00
0.000000000000000000e+00 2.625000000000000000e+00
0.000000000000000000e+00 9.375000000000000000e-01
0.000000000000000000e+00 2.484375000000000000e+00
0.000000000000000000e+00 2.578125000000000000e+00
1.000000000000000000e+00 4.921875000000000000e-01
0.000000000000000000e+00 1.898437500000000000e+00
0.000000000000000000e+00 6.328125000000000000e-01
1.000000000000000000e+00 1.757812500000000000e+00
0.000000000000000000e+00 2.882812500000000000e+00
0.000000000000000000e+00 6.796875000000000000e-01
0.000000000000000000e+00 1.335937500000000000e+00
1.000000000000000000e+00 2.906250000000000000e+00
0.000000000000000000e+00 1.734375000000000000e+00
0.000000000000000000e+00 1.382812500000000000e+00
1.000000000000000000e+00 7.500000000000000000e-01
0.000000000000000000e+00 1.406250000000000000e-01
0.000000000000000000e+00 2.296875000000000000e+00
1.000000000000000000e+00 1.875000000000000000e-01
1.000000000000000000e+00 2.039062500000000000e+00
0.000000000000000000e+00 3.515625000000000000e-01
0.000000000000000000e+00 7.265625000000000000e-01
1.000000000000000000e+00 8.203125000000000000e-01
0.000000000000000000e+00 1.007812500000000000e+00
0.000000000000000000e+00 2.765625000000000000e+00
1.000000000000000000e+00 9.140625000000000000e-01
0.000000000000000000e+00 5.859375000000000000e-01
1.000000000000000000e+00 3.046875000000000000e-01
1.000000000000000000e+00 7.968750000000000000e-01
1.000000000000000000e+00 1.218750000000000000e+00
1.000000000000000000e+00 2.437500000000000000e+00
1.000000000000000000e+00 1.828125000000000000e+00
1.000000000000000000e+00 2.648437500000000000e+00
0.000000000000000000e+00 2.156250000000000000e+00
1.000000000000000000e+00 3.281250000000000000e-01
0.000000000000000000e+00 6.562500000000000000e-01
0.000000000000000000e+00 2.109375000000000000e-01
0.000000000000000000e+00 1.054687500000000000e+00
1.000000000000000000e+00 2.203125000000000000e+00
0.000000000000000000e+00 1.101562500000000000e+00
1.000000000000000000e+00 4.453125000000000000e-01
1.000000000000000000e+00 2.929687500000000000e+00
0.000000000000000000e+00 1.617187500000000000e+00
0.000000000000000000e+00 1.312500000000000000e+00
0.000000000000000000e+00 1.171875000000000000e-01
1.000000000000000000e+00 1.992187500000000000e+00
0.000000000000000000e+00 2.812500000000000000e-01
0.000000000000000000e+00 2.812500000000000000e+00
1.000000000000000000e+00 3.750000000000000000e-01
1.000000000000000000e+00 9.609375000000000000e-01
0.000000000000000000e+00 1.546875000000000000e+00
0.000000000000000000e+00 9.843750000000000000e-01
1.000000000000000000e+00 1.500000000000000000e+00
0.000000000000000000e+00 2.671875000000000000e+00
0.000000000000000000e+00 2.695312500000000000e+00
0.000000000000000000e+00 4.218750000000000000e-01
1.000000000000000000e+00 1.078125000000000000e+00
0.000000000000000000e+00 1.453125000000000000e+00
0.000000000000000000e+00 2.460937500000000000e+00
1.000000000000000000e+00 4.687500000000000000e-02
1.000000000000000000e+00 1.125000000000000000e+00
0.000000000000000000e+00 1.710937500000000000e+00
0.000000000000000000e+00 1.523437500000000000e+00
0.000000000000000000e+00 8.437500000000000000e-01
1.000000000000000000e+00 2.343750000000000000e-01
1.000000000000000000e+00 2.273437500000000000e+00
0.000000000000000000e+00 1.781250000000000000e+00
0.000000000000000000e+00 2.250000000000000000e+00
1.000000000000000000e+00 8.906250000000000000e-01
5.000000000000000000e-01 2.926829271018505096e-03
2.500000000000000000e-01 5.853658542037010193e-03
7.500000000000000000e-01 8.780487813055515289e-03
1.250000000000000000e-01 1.170731708407402039e-02
6.250000000000000000e-01 1.463414635509252548e-02
3.750000000000000000e-01 1.756097562611103058e-02
8.750000000000000000e-01 2.048780396580696106e-02
6.250000000000000000e-02 2.341463416814804077e-02
5.625000000000000000e-01 2.634146437048912048e-02
3.125000000000000000e-01 2.926829271018505096e-02
8.125000000000000000e-01 3.219512104988098145e-02
1.875000000000000000e-01 3.512195125222206116e-02
6.875000000000000000e-01 3.804878145456314087e-02
4.375000000000000000e-01 4.097560793161392212e-02
9.375000000000000000e-01 4.390243813395500183e-02
3.125000000000000000e-02 4.682926833629608154e-02
5.312500000000000000e-01 4.975609481334686279e-02
2.812500000000000000e-01 5.268292874097824097e-02
7.812500000000000000e-01 5.560975521802902222e-02
1.562500000000000000e-01 5.853658542037010193e-02
6.562500000000000000e-01 6.146341189742088318e-02
4.062500000000000000e-01 6.439024209976196289e-02
9.062500000000000000e-01 6.731706857681274414e-02
9.375000000000000000e-02 7.024390250444412231e-02
5.937500000000000000e-01 7.317072898149490356e-02
3.437500000000000000e-01 7.609756290912628174e-02
8.437500000000000000e-01 7.902438938617706299e-02
2.187500000000000000e-01 8.195121586322784424e-02
7.187500000000000000e-01 8.487804234027862549e-02
4.687500000000000000e-01 8.780487626791000366e-02
9.687500000000000000e-01 9.073170274496078491e-02
1.562500000000000000e-02 9.365853667259216309e-02
5.156250000000000000e-01 9.658536314964294434e-02
2.656250000000000000e-01 9.951218962669372559e-02
7.656250000000000000e-01 1.024390310049057007e-01
1.406250000000000000e-01 1.053658574819564819e-01
6.406250000000000000e-01 1.082926839590072632e-01
3.906250000000000000e-01 1.112195104360580444e-01
8.906250000000000000e-01 1.141463443636894226e-01
7.812500000000000000e-02 1.170731708407402039e-01
5.781250000000000000e-01 1.199999973177909851e-01
3.281250000000000000e-01 1.229268237948417664e-01
8.281250000000000000e-01 1.258536577224731445e-01
2.031250000000000000e-01 1.287804841995239258e-01
7.031250000000000000e-01 1.317073106765747070e-01
4.531250000000000000e-01 1.346341371536254883e-01
9.531250000000000000e-01 1.375609785318374634e-01
4.687500000000000000e-02 1.404878050088882446e-01
5.468750000000000000e-01 1.434146314859390259e-01
2.968750000000000000e-01 1.463414579629898071e-01
7.968750000000000000e-01 1.492682993412017822e-01
1.718750000000000000e-01 1.521951258182525635e-01
6.718750000000000000e-01 1.551219522953033447e-01
4.218750000000000000e-01 1.580487787723541260e-01
9.218750000000000000e-01 1.609756052494049072e-01
1.093750000000000000e-01 1.639024317264556885e-01
6.093750000000000000e-01 1.668292582035064697e-01
3.593750000000000000e-01 1.697560846805572510e-01
8.593750000000000000e-01 1.726829260587692261e-01
2.343750000000000000e-01 1.756097525358200073e-01
7.343750000000000000e-01 1.785365790128707886e-01
4.843750000000000000e-01 1.814634054899215698e-01
9.843750000000000000e-01 1.843902468681335449e-01
7.812500000000000000e-03 1.873170733451843262e-01
5.078125000000000000e-01 1.902438998222351074e-01
2.578125000000000000e-01 1.931707262992858887e-01
7.578125000000000000e-01 1.960975527763366699e-01
1.328125000000000000e-01 1.990243792533874512e-01
6.328125000000000000e-01 2.019512355327606201e-01
3.828125000000000000e-01 2.048780620098114014e-01
8.828125000000000000e-01 2.078048884868621826e-01
7.031250000000000000e-02 2.107317149639129639e-01
5.703125000000000000e-01 2.136585414409637451e-01
3.203125000000000000e-01 2.165853679180145264e-01
8.203125000000000000e-01 2.195121943950653076e-01
1.953125000000000000e-01 2.224390208721160889e-01
6.953125000000000000e-01 2.253658622503280640e-01
4.453125000000000000e-01 2.282926887273788452e-01
9.453125000000000000e-01 2.312195152044296265e-01
3.906250000000000000e-02 2.341463416814804077e-01
5.390625000000000000e-01 2.370731681585311890e-01
2.890625000000000000e-01 2.399999946355819702e-01
7.890625000000000000e-01 2.429268211126327515e-01
1.640625000000000000e-01 2.458536475896835327e-01
6.640625000000000000e-01 2.487804889678955078e-01
4.140625000000000000e-01 2.517073154449462891e-01
9.140625000000000000e-01 2.546341419219970703e-01
1.015625000000000000e-01 2.575609683990478516e-01
6.015625000000000000e-01 2.604877948760986328e-01
3.515625000000000000e-01 2.634146213531494141e-01
8.515625000000000000e-01 2.663414478302001953e-01
2.265625000000000000e-01 2.692682743072509766e-01
7.265625000000000000e-01 2.721951305866241455e-01
4.765625000000000000e-01 2.751219570636749268e-01
9.765625000000000000e-01 2.780487835407257080e-01
2.343750000000000000e-02 2.809756100177764893e-01
5.234375000000000000e-01 2.839024364948272705e-01
2.734375000000000000e-01 2.868292629718780518e-01
7.734375000000000000e-01 2.897560894489288330e-01
1.484375000000000000e-01 2.926829159259796143e-01
6.484375000000000000e-01 2.956097722053527832e-01
3.984375000000000000e-01 2.985365986824035645e-01
8.984375000000000000e-01 3.014634251594543457e-01
8.593750000000000000e-02 3.043902516365051270e-01
5.859375000000000000e-01 3.073170781135559082e-01
3.359375000000000000e-01 3.102439045906066895e-01
8.359375000000000000e-01 3.131707310676574707e-01
2.109375000000000000e-01 3.160975575447082520e-01
7.109375000000000000e-01 3.190243840217590332e-01
4.609375000000000000e-01 3.219512104988098145e-01
9.609375000000000000e-01 3.248780369758605957e-01
5.468750000000000000e-02 3.278048634529113770e-01
5.546875000000000000e-01 3.307316899299621582e-01
3.046875000000000000e-01 3.336585164070129395e-01
8.046875000000000000e-01 3.365853428840637207e-01
1.796875000000000000e-01 3.395121693611145020e-01
6.796875000000000000e-01 3.424390256404876709e-01
4.296875000000000000e-01 3.453658521175384521e-01
9.296875000000000000e-01 3.482926785945892334e-01
1.171875000000000000e-01 3.512195050716400146e-01
6.171875000000000000e-01 3.541463315486907959e-01
3.671875000000000000e-01 3.570731580257415771e-01
8.671875000000000000e-01 3.599999845027923584e-01
2.421875000000000000e-01 3.629268109798431396e-01
7.421875000000000000e-01 3.658536672592163086e-01
4.921875000000000000e-01 3.687804937362670898e-01
9.921875000000000000e-01 3.717073202133178711e-01
3.906250000000000000e-03 3.746341466903686523e-01
5.039062500000000000e-01 3.775609731674194336e-01
2.539062500000000000e-01 3.804877996444702148e-01
7.539062500000000000e-01 3.834146261215209961e-01
1.289062500000000000e-01 3.863414525985717773e-01
6.289062500000000000e-01 3.892682790756225586e-01
3.789062500000000000e-01 3.921951055526733398e-01
8.789062500000000000e-01 3.951219320297241211e-01
6.640625000000000000e-02 3.980487585067749023e-01
5.664062500000000000e-01 4.009756445884704590e-01
3.164062500000000000e-01 4.039024710655212402e-01
8.164062500000000000e-01 4.068292975425720215e-01
1.914062500000000000e-01 4.097561240196228027e-01
6.914062500000000000e-01 4.126829504966735840e-01
4.414062500000000000e-01 4.156097769737243652e-01
9.414062500000000000e-01 4.185366034507751465e-01
3.515625000000000000e-02 4.214634299278259277e-01
5.351562500000000000e-01 4.243902564048767090e-01
2.851562500000000000e-01 4.273170828819274902e-01
7.851562500000000000e-01 4.302439093589782715e-01
1.601562500000000000e-01 4.331707358360290527e-01
6.601562500000000000e-01 4.360975623130798340e-01
4.101562500000000000e-01 4.390243887901306152e-01
9.101562500000000000e-01 4.419512152671813965e-01
9.765625000000000000e-02 4.448780417442321777e-01
5.976562500000000000e-01 4.478048980236053467e-01
3.476562500000000000e-01 4.507317245006561279e-01
8.476562500000000000e-01 4.536585509777069092e-01
2.226562500000000000e-01 4.565853774547576904e-01
7.226562500000000000e-01 4.595122039318084717e-01
4.726562500000000000e-01 4.624390304088592529e-01
9.726562500000000000e-01 4.653658568859100342e-01
1.953125000000000000e-02 4.682926833629608154e-01
5.195312500000000000e-01 4.712195098400115967e-01
2.695312500000000000e-01 4.741463363170623779e-01
7.695312500000000000e-01 4.770731627941131592e-01
1.445312500000000000e-01 4.799999892711639404e-01
6.445312500000000000e-01 4.829268157482147217e-01
3.945312500000000000e-01 4.858536422252655029e-01
8.945312500000000000e-01 4.887804687023162842e-01
8.203125000000000000e-02 4.917072951793670654e-01
5.820312500000000000e-01 4.946341514587402344e-01
3.320312500000000000e-01 4.975609779357910156e-01
8.320312500000000000e-01 5.004878044128417969e-01
2.070312500000000000e-01 5.034146308898925781e-01
7.070312500000000000e-01 5.063414573669433594e-01
4.570312500000000000e-01 5.092682838439941406e-01
9.570312500000000000e-01 5.121951103210449219e-01
5.078125000000000000e-02 5.151219367980957031e-01
5.507812500000000000e-01 5.180487632751464844e-01
3.007812500000000000e-01 5.209755897521972656e-01
8.007812500000000000e-01 5.239024162292480469e-01
1.757812500000000000e-01 5.268292427062988281e-01
6.757812500000000000e-01 5.297560691833496094e-01
4.257812500000000000e-01 5.326828956604003906e-01
9.257812500000000000e-01 5.356097221374511719e-01
1.132812500000000000e-01 5.385365486145019531e-01
6.132812500000000000e-01 5.414634346961975098e-01
3.632812500000000000e-01 5.443902611732482910e-01
8.632812500000000000e-01 5.473170876502990723e-01
2.382812500000000000e-01 5.502439141273498535e-01
7.382812500000000000e-01 5.531707406044006348e-01
4.882812500000000000e-01 5.560975670814514160e-01
9.882812500000000000e-01 5.590243935585021973e-01
1.171875000000000000e-02 5.619512200355529785e-01
5.117187500000000000e-01 5.648780465126037598e-01
2.617187500000000000e-01 5.678048729896545410e-01
7.617187500000000000e-01 5.707316994667053223e-01
1.367187500000000000e-01 5.736585259437561035e-01
6.367187500000000000e-01 5.765853524208068848e-01
3.867187500000000000e-01 5.795121788978576660e-01
8.867187500000000000e-01 5.824390053749084473e-01
7.421875000000000000e-02 5.853658318519592285e-01
5.742187500000000000e-01 5.882927179336547852e-01
3.242187500000000000e-01 5.912195444107055664e-01
8.242187500000000000e-01 5.941463708877563477e-01
1.992187500000000000e-01 5.970731973648071289e-01
6.992187500000000000e-01 6.000000238418579102e-01
4.492187500000000000e-01 6.029268503189086914e-01
9.492187500000000000e-01 6.058536767959594727e-01
4.296875000000000000e-02 6.087805032730102539e-01
5.429687500000000000e-01 6.117073297500610352e-01
2.929687500000000000e-01 6.146341562271118164e-01
7.929687500000000000e-01 6.175609827041625977e-01
1.679687500000000000e-01 6.204878091812133789e-01
6.679687500000000000e-01 6.234146356582641602e-01
4.179687500000000000e-01 6.263414621353149414e-01
9.179687500000000000e-01 6.292682886123657227e-01
1.054687500000000000e-01 6.321951150894165039e-01
6.054687500000000000e-01 6.351219415664672852e-01
3.554687500000000000e-01 6.380487680435180664e-01
8.554687500000000000e-01 6.409755945205688477e-01
2.304687500000000000e-01 6.439024209976196289e-01
7.304687500000000000e-01 6.468292474746704102e-01
4.804687500000000000e-01 6.497560739517211914e-01
9.804687500000000000e-01 6.526829004287719727e-01
2.734375000000000000e-02 6.556097269058227539e-01
5.273437500000000000e-01 6.585365533828735352e-01
2.773437500000000000e-01 6.614633798599243164e-01
7.773437500000000000e-01 6.643902063369750977e-01
1.523437500000000000e-01 6.673170328140258789e-01
6.523437500000000000e-01 6.702438592910766602e-01
4.023437500000000000e-01 6.731706857681274414e-01
9.023437500000000000e-01 6.760975122451782227e-01
8.984375000000000000e-02 6.790243387222290039e-01
5.898437500000000000e-01 6.819512248039245605e-01
3.398437500000000000e-01 6.848780512809753418e-01
8.398437500000000000e-01 6.878048777580261230e-01
2.148437500000000000e-01 6.907317042350769043e-01
7.148437500000000000e-01 6.936585307121276855e-01
4.648437500000000000e-01 6.965853571891784668e-01
9.648437500000000000e-01 6.995121836662292480e-01
5.859375000000000000e-02 7.024390101432800293e-01
5.585937500000000000e-01 7.053658366203308105e-01
3.085937500000000000e-01 7.082926630973815918e-01
8.085937500000000000e-01 7.112194895744323730e-01
1.835937500000000000e-01 7.141463160514831543e-01
6.835937500000000000e-01 7.170731425285339355e-01
4.335937500000000000e-01 7.199999690055847168e-01
9.335937500000000000e-01 7.229267954826354980e-01
1.210937500000000000e-01 7.258536219596862793e-01
6.210937500000000000e-01 7.287805080413818359e-01
3.710937500000000000e-01 7.317073345184326172e-01
8.710937500000000000e-01 7.346341609954833984e-01
2.460937500000000000e-01 7.375609874725341797e-01
7.460937500000000000e-01 7.404878139495849609e-01
4.960937500000000000e-01 7.434146404266357422e-01
9.960937500000000000e-01 7.463414669036865234e-01
1.953125000000000000e-03 7.492682933807373047e-01
5.019531250000000000e-01 7.521951198577880859e-01
2.519531250000000000e-01 7.551219463348388672e-01
7.519531250000000000e-01 7.580487728118896484e-01
1.269531250000000000e-01 7.609755992889404297e-01
6.269531250000000000e-01 7.639024257659912109e-01
3.769531250000000000e-01 7.668292522430419922e-01
8.769531250000000000e-01 7.697560787200927734e-01
6.445312500000000000e-02 7.726829051971435547e-01
5.644531250000000000e-01 7.756097316741943359e-01
3.144531250000000000e-01 7.785365581512451172e-01
8.144531250000000000e-01 7.814633846282958984e-01
1.894531250000000000e-01 7.843902111053466797e-01
6.894531250000000000e-01 7.873170375823974609e-01
4.394531250000000000e-01 7.902438640594482422e-01
9.394531250000000000e-01 7.931706905364990234e-01
3.320312500000000000e-02 7.960975170135498047e-01
5.332031250000000000e-01 7.990244626998901367e-01
2.832031250000000000e-01 8.019512891769409180e-01
7.832031250000000000e-01 8.048781156539916992e-01
1.582031250000000000e-01 8.078049421310424805e-01
6.582031250000000000e-01 8.107317686080932617e-01
4.082031250000000000e-01 8.136585950851440430e-01
9.082031250000000000e-01 8.165854215621948242e-01
9.570312500000000000e-02 8.195122480392456055e-01
5.957031250000000000e-01 8.224390745162963867e-01
3.457031250000000000e-01 8.253659009933471680e-01
8.457031250000000000e-01 8.282927274703979492e-01
2.207031250000000000e-01 8.312195539474487305e-01
7.207031250000000000e-01 8.341463804244995117e-01
4.707031250000000000e-01 8.370732069015502930e-01
9.707031250000000000e-01 8.400000333786010742e-01
1.757812500000000000e-02 8.429268598556518555e-01
5.175781250000000000e-01 8.458536863327026367e-01
2.675781250000000000e-01 8.487805128097534180e-01
7.675781250000000000e-01 8.517073392868041992e-01
1.425781250000000000e-01 8.546341657638549805e-01
6.425781250000000000e-01 8.575609922409057617e-01
3.925781250000000000e-01 8.604878187179565430e-01
8.925781250000000000e-01 8.634146451950073242e-01
8.007812500000000000e-02 8.663414716720581055e-01
5.800781250000000000e-01 8.692682981491088867e-01
3.300781250000000000e-01 8.721951246261596680e-01
8.300781250000000000e-01 8.751219511032104492e-01
2.050781250000000000e-01 8.780487775802612305e-01
7.050781250000000000e-01 8.809756040573120117e-01
4.550781250000000000e-01 8.839024305343627930e-01
9.550781250000000000e-01 8.868292570114135742e-01
4.882812500000000000e-02 8.897560834884643555e-01
5.488281250000000000e-01 8.926829695701599121e-01
2.988281250000000000e-01 8.956097960472106934e-01
7.988281250000000000e-01 8.985366225242614746e-01
1.738281250000000000e-01 9.014634490013122559e-01
6.738281250000000000e-01 9.043902754783630371e-01
4.238281250000000000e-01 9.073171019554138184e-01
9.238281250000000000e-01 9.102439284324645996e-01
1.113281250000000000e-01 9.131707549095153809e-01
6.113281250000000000e-01 9.160975813865661621e-01
3.613281250000000000e-01 9.190244078636169434e-01
8.613281250000000000e-01 9.219512343406677246e-01
2.363281250000000000e-01 9.248780608177185059e-01
7.363281250000000000e-01 9.278048872947692871e-01
4.863281250000000000e-01 9.307317137718200684e-01
9.863281250000000000e-01 9.336585402488708496e-01
9.765625000000000000e-03 9.365853667259216309e-01
5.097656250000000000e-01 9.395121932029724121e-01
2.597656250000000000e-01 9.424390196800231934e-01
7.597656250000000000e-01 9.453658461570739746e-01
1.347656250000000000e-01 9.482926726341247559e-01
6.347656250000000000e-01 9.512194991111755371e-01
3.847656250000000000e-01 9.541463255882263184e-01
8.847656250000000000e-01 9.570731520652770996e-01
7.226562500000000000e-02 9.599999785423278809e-01
5.722656250000000000e-01 9.629268050193786621e-01
3.222656250000000000e-01 9.658536314964294434e-01
8.222656250000000000e-01 9.687804579734802246e-01
1.972656250000000000e-01 9.717072844505310059e-01
6.972656250000000000e-01 9.746341109275817871e-01
4.472656250000000000e-01 9.775609374046325684e-01
9.472656250000000000e-01 9.804877638816833496e-01
4.101562500000000000e-02 9.834145903587341309e-01
5.410156250000000000e-01 9.863414764404296875e-01
2.910156250000000000e-01 9.892683029174804688e-01
7.910156250000000000e-01 9.921951293945312500e-01
1.660156250000000000e-01 9.951219558715820312e-01
6.660156250000000000e-01 9.980487823486328125e-01
4.160156250000000000e-01 1.000975608825683594e+00
9.160156250000000000e-01 1.003902435302734375e+00
1.035156250000000000e-01 1.006829261779785156e+00
6.035156250000000000e-01 1.009756088256835938e+00
3.535156250000000000e-01 1.012682914733886719e+00
8.535156250000000000e-01 1.015609741210937500e+00
2.285156250000000000e-01 1.018536567687988281e+00
7.285156250000000000e-01 1.021463394165039062e+00
4.785156250000000000e-01 1.024390220642089844e+00
9.785156250000000000e-01 1.027317047119140625e+00
2.539062500000000000e-02 1.030243873596191406e+00
5.253906250000000000e-01 1.033170700073242188e+00
2.753906250000000000e-01 1.036097526550292969e+00
7.753906250000000000e-01 1.039024353027343750e+00
1.503906250000000000e-01 1.041951179504394531e+00
6.503906250000000000e-01 1.044878005981445312e+00
4.003906250000000000e-01 1.047804832458496094e+00
9.003906250000000000e-01 1.050731658935546875e+00
8.789062500000000000e-02 1.053658485412597656e+00
5.878906250000000000e-01 1.056585311889648438e+00
3.378906250000000000e-01 1.059512138366699219e+00
8.378906250000000000e-01 1.062438964843750000e+00
2.128906250000000000e-01 1.065365791320800781e+00
7.128906250000000000e-01 1.068292617797851562e+00
4.628906250000000000e-01 1.071219444274902344e+00
9.628906250000000000e-01 1.074146270751953125e+00
5.664062500000000000e-02 1.077073097229003906e+00
5.566406250000000000e-01 1.080000042915344238e+00
3.066406250000000000e-01 1.082926869392395020e+00
8.066406250000000000e-01 1.085853695869445801e+00
1.816406250000000000e-01 1.088780522346496582e+00
6.816406250000000000e-01 1.091707348823547363e+00
4.316406250000000000e-01 1.094634175300598145e+00
9.316406250000000000e-01 1.097561001777648926e+00
1.191406250000000000e-01 1.100487828254699707e+00
6.191406250000000000e-01 1.103414654731750488e+00
3.691406250000000000e-01 1.106341481208801270e+00
8.691406250000000000e-01 1.109268307685852051e+00
2.441406250000000000e-01 1.112195134162902832e+00
7.441406250000000000e-01 1.115121960639953613e+00
4.941406250000000000e-01 1.118048787117004395e+00
9.941406250000000000e-01 1.120975613594055176e+00
5.859375000000000000e-03 1.123902440071105957e+00
5.058593750000000000e-01 1.126829266548156738e+00
2.558593750000000000e-01 1.129756093025207520e+00
7.558593750000000000e-01 1.132682919502258301e+00
1.308593750000000000e-01 1.135609745979309082e+00
6.308593750000000000e-01 1.138536572456359863e+00
3.808593750000000000e-01 1.141463398933410645e+00
8.808593750000000000e-01 1.144390225410461426e+00
6.835937500000000000e-02 1.147317051887512207e+00
5.683593750000000000e-01 1.150243878364562988e+00
3.183593750000000000e-01 1.153170704841613770e+00
8.183593750000000000e-01 1.156097531318664551e+00
1.933593750000000000e-01 1.159024357795715332e+00
6.933593750000000000e-01 1.161951184272766113e+00
4.433593750000000000e-01 1.164878010749816895e+00
9.433593750000000000e-01 1.167804837226867676e+00
3.710937500000000000e-02 1.170731663703918457e+00
5.371093750000000000e-01 1.173658609390258789e+00
2.871093750000000000e-01 1.176585435867309570e+00
7.871093750000000000e-01 1.179512262344360352e+00
1.621093750000000000e-01 1.182439088821411133e+00
6.621093750000000000e-01 1.185365915298461914e+00
4.121093750000000000e-01 1.188292741775512695e+00
9.121093750000000000e-01 1.191219568252563477e+00
9.960937500000000000e-02 1.194146394729614258e+00
5.996093750000000000e-01 1.197073221206665039e+00
3.496093750000000000e-01 1.200000047683715820e+00
8.496093750000000000e-01 1.202926874160766602e+00
2.246093750000000000e-01 1.205853700637817383e+00
7.246093750000000000e-01 1.208780527114868164e+00
4.746093750000000000e-01 1.211707353591918945e+00
9.746093750000000000e-01 1.214634180068969727e+00
2.148437500000000000e-02 1.217561006546020508e+00
5.214843750000000000e-01 1.220487833023071289e+00
2.714843750000000000e-01 1.223414659500122070e+00
7.714843750000000000e-01 1.226341485977172852e+00
1.464843750000000000e-01 1.229268312454223633e+00
6.464843750000000000e-01 1.232195138931274414e+00
3.964843750000000000e-01 1.235121965408325195e+00
8.964843750000000000e-01 1.238048791885375977e+00
8.398437500000000000e-02 1.240975618362426758e+00
5.839843750000000000e-01 1.243902444839477539e+00
3.339843750000000000e-01 1.246829271316528320e+00
8.339843750000000000e-01 1.249756097793579102e+00
2.089843750000000000e-01 1.252682924270629883e+00
7.089843750000000000e-01 1.255609750747680664e+00
4.589843750000000000e-01 1.258536577224731445e+00
9.589843750000000000e-01 1.261463403701782227e+00
5.273437500000000000e-02 1.264390230178833008e+00
5.527343750000000000e-01 1.267317056655883789e+00
3.027343750000000000e-01 1.270243883132934570e+00
8.027343750000000000e-01 1.273170709609985352e+00
1.777343750000000000e-01 1.276097536087036133e+00
6.777343750000000000e-01 1.279024362564086914e+00
4.277343750000000000e-01 1.281951189041137695e+00
9.277343750000000000e-01 1.284878015518188477e+00
1.152343750000000000e-01 1.287804841995239258e+00
6.152343750000000000e-01 1.290731668472290039e+00
3.652343750000000000e-01 1.293658494949340820e+00
8.652343750000000000e-01 1.296585321426391602e+00
2.402343750000000000e-01 1.299512147903442383e+00
7.402343750000000000e-01 1.302438974380493164e+00
4.902343750000000000e-01 1.305365800857543945e+00
9.902343750000000000e-01 1.308292627334594727e+00
1.367187500000000000e-02 1.311219453811645508e+00
5.136718750000000000e-01 1.314146280288696289e+00
2.636718750000000000e-01 1.317073106765747070e+00
7.636718750000000000e-01 1.319999933242797852e+00
1.386718750000000000e-01 1.322926759719848633e+00
6.386718750000000000e-01 1.325853586196899414e+00
3.886718750000000000e-01 1.328780412673950195e+00
8.886718750000000000e-01 1.331707239151000977e+00
7.617187500000000000e-02 1.334634065628051758e+00
5.761718750000000000e-01 1.337560892105102539e+00
3.261718750000000000e-01 1.340487718582153320e+00
8.261718750000000000e-01 1.343414545059204102e+00
2.011718750000000000e-01 1.346341371536254883e+00
7.011718750000000000e-01 1.349268198013305664e+00
4.511718750000000000e-01 1.352195024490356445e+00
9.511718750000000000e-01 1.355121850967407227e+00
4.492187500000000000e-02 1.358048677444458008e+00
5.449218750000000000e-01 1.360975623130798340e+00
2.949218750000000000e-01 1.363902449607849121e+00
7.949218750000000000e-01 1.366829276084899902e+00
1.699218750000000000e-01 1.369756102561950684e+00
6.699218750000000000e-01 1.372682929039001465e+00
4.199218750000000000e-01 1.375609755516052246e+00
9.199218750000000000e-01 1.378536581993103027e+00
1.074218750000000000e-01 1.381463408470153809e+00
6.074218750000000000e-01 1.384390234947204590e+00
3.574218750000000000e-01 1.387317061424255371e+00
8.574218750000000000e-01 1.390243887901306152e+00
2.324218750000000000e-01 1.393170714378356934e+00
7.324218750000000000e-01 1.396097540855407715e+00
4.824218750000000000e-01 1.399024367332458496e+00
9.824218750000000000e-01 1.401951193809509277e+00
2.929687500000000000e-02 1.404878020286560059e+00
5.292968750000000000e-01 1.407804846763610840e+00
2.792968750000000000e-01 1.410731673240661621e+00
7.792968750000000000e-01 1.413658499717712402e+00
1.542968750000000000e-01 1.416585326194763184e+00
6.542968750000000000e-01 1.419512152671813965e+00
4.042968750000000000e-01 1.422438979148864746e+00
9.042968750000000000e-01 1.425365805625915527e+00
9.179687500000000000e-02 1.428292632102966309e+00
5.917968750000000000e-01 1.431219458580017090e+00
3.417968750000000000e-01 1.434146285057067871e+00
8.417968750000000000e-01 1.437073111534118652e+00
2.167968750000000000e-01 1.439999938011169434e+00
7.167968750000000000e-01 1.442926764488220215e+00
4.667968750000000000e-01 1.445853590965270996e+00
9.667968750000000000e-01 1.448780417442321777e+00
6.054687500000000000e-02 1.451707243919372559e+00
5.605468750000000000e-01 1.454634189605712891e+00
3.105468750000000000e-01 1.457561016082763672e+00
8.105468750000000000e-01 1.460487842559814453e+00
1.855468750000000000e-01 1.463414669036865234e+00
6.855468750000000000e-01 1.466341495513916016e+00
4.355468750000000000e-01 1.469268321990966797e+00
9.355468750000000000e-01 1.472195148468017578e+00
1.230468750000000000e-01 1.475121974945068359e+00
6.230468750000000000e-01 1.478048801422119141e+00
3.730468750000000000e-01 1.480975627899169922e+00
8.730468750000000000e-01 1.483902454376220703e+00
2.480468750000000000e-01 1.486829280853271484e+00
7.480468750000000000e-01 1.489756107330322266e+00
4.980468750000000000e-01 1.492682933807373047e+00
9.980468750000000000e-01 1.495609760284423828e+00
9.765625000000000000e-04 1.498536586761474609e+00
5.009765625000000000e-01 1.501463413238525391e+00
2.509765625000000000e-01 1.504390239715576172e+00
7.509765625000000000e-01 1.507317066192626953e+00
1.259765625000000000e-01 1.510243892669677734e+00
6.259765625000000000e-01 1.513170719146728516e+00
3.759765625000000000e-01 1.516097545623779297e+00
8.759765625000000000e-01 1.519024372100830078e+00
6.347656250000000000e-02 1.521951198577880859e+00
5.634765625000000000e-01 1.524878025054931641e+00
3.134765625000000000e-01 1.527804851531982422e+00
8.134765625000000000e-01 1.530731678009033203e+00
1.884765625000000000e-01 1.533658504486083984e+00
6.884765625000000000e-01 1.536585330963134766e+00
4.384765625000000000e-01 1.539512157440185547e+00
9.384765625000000000e-01 1.542438983917236328e+00
3.222656250000000000e-02 1.545365810394287109e+00
5.322265625000000000e-01 1.548292636871337891e+00
2.822265625000000000e-01 1.551219463348388672e+00
7.822265625000000000e-01 1.554146289825439453e+00
1.572265625000000000e-01 1.557073116302490234e+00
6.572265625000000000e-01 1.559999942779541016e+00
4.072265625000000000e-01 1.562926769256591797e+00
9.072265625000000000e-01 1.565853595733642578e+00
9.472656250000000000e-02 1.568780422210693359e+00
5.947265625000000000e-01 1.571707248687744141e+00
3.447265625000000000e-01 1.574634075164794922e+00
8.447265625000000000e-01 1.577560901641845703e+00
2.197265625000000000e-01 1.580487728118896484e+00
7.197265625000000000e-01 1.583414554595947266e+00
4.697265625000000000e-01 1.586341381072998047e+00
9.697265625000000000e-01 1.589268207550048828e+00
1.660156250000000000e-02 1.592195034027099609e+00
5.166015625000000000e-01 1.595122098922729492e+00
2.666015625000000000e-01 1.598048925399780273e+00
7.666015625000000000e-01 1.600975751876831055e+00
1.416015625000000000e-01 1.603902578353881836e+00
6.416015625000000000e-01 1.606829404830932617e+00
3.916015625000000000e-01 1.609756231307983398e+00
8.916015625000000000e-01 1.612683057785034180e+00
7.910156250000000000e-02 1.615609884262084961e+00
5.791015625000000000e-01 1.618536710739135742e+00
3.291015625000000000e-01 1.621463537216186523e+00
8.291015625000000000e-01 1.624390363693237305e+00
2.041015625000000000e-01 1.627317190170288086e+00
7.041015625000000000e-01 1.630244016647338867e+00
4.541015625000000000e-01 1.633170843124389648e+00
9.541015625000000000e-01 1.636097669601440430e+00
4.785156250000000000e-02 1.639024496078491211e+00
5.478515625000000000e-01 1.641951322555541992e+00
2.978515625000000000e-01 1.644878149032592773e+00
7.978515625000000000e-01 1.647804975509643555e+00
1.728515625000000000e-01 1.650731801986694336e+00
6.728515625000000000e-01 1.653658628463745117e+00
4.228515625000000000e-01 1.656585454940795898e+00
9.228515625000000000e-01 1.659512281417846680e+00
1.103515625000000000e-01 1.662439107894897461e+00
6.103515625000000000e-01 1.665365934371948242e+00
3.603515625000000000e-01 1.668292760848999023e+00
8.603515625000000000e-01 1.671219587326049805e+00
2.353515625000000000e-01 1.674146413803100586e+00
7.353515625000000000e-01 1.677073240280151367e+00
4.853515625000000000e-01 1.680000066757202148e+00
9.853515625000000000e-01 1.682926893234252930e+00
8.789062500000000000e-03 1.685853719711303711e+00
5.087890625000000000e-01 1.688780546188354492e+00
2.587890625000000000e-01 1.691707372665405273e+00
7.587890625000000000e-01 1.694634199142456055e+00
1.337890625000000000e-01 1.697561025619506836e+00
6.337890625000000000e-01 1.700487852096557617e+00
3.837890625000000000e-01 1.703414678573608398e+00
8.837890625000000000e-01 1.706341505050659180e+00
7.128906250000000000e-02 1.709268331527709961e+00
5.712890625000000000e-01 1.712195158004760742e+00
3.212890625000000000e-01 1.715121984481811523e+00
8.212890625000000000e-01 1.718048810958862305e+00
1.962890625000000000e-01 1.720975637435913086e+00
6.962890625000000000e-01 1.723902463912963867e+00
4.462890625000000000e-01 1.726829290390014648e+00
9.462890625000000000e-01 1.729756116867065430e+00
4.003906250000000000e-02 1.732682943344116211e+00
5.400390625000000000e-01 1.735609769821166992e+00
2.900390625000000000e-01 1.738536596298217773e+00
7.900390625000000000e-01 1.741463422775268555e+00
1.650390625000000000e-01 1.744390249252319336e+00
6.650390625000000000e-01 1.747317075729370117e+00
4.150390625000000000e-01 1.750243902206420898e+00
9.150390625000000000e-01 1.753170728683471680e+00
1.025390625000000000e-01 1.756097555160522461e+00
6.025390625000000000e-01 1.759024381637573242e+00
3.525390625000000000e-01 1.761951208114624023e+00
8.525390625000000000e-01 1.764878034591674805e+00
2.275390625000000000e-01 1.767804861068725586e+00
7.275390625000000000e-01 1.770731687545776367e+00
4.775390625000000000e-01 1.773658514022827148e+00
9.775390625000000000e-01 1.776585340499877930e+00
2.441406250000000000e-02 1.779512166976928711e+00
5.244140625000000000e-01 1.782439112663269043e+00
2.744140625000000000e-01 1.785365939140319824e+00
7.744140625000000000e-01 1.788292765617370605e+00
1.494140625000000000e-01 1.791219592094421387e+00
6.494140625000000000e-01 1.794146418571472168e+00
3.994140625000000000e-01 1.797073245048522949e+00
8.994140625000000000e-01 1.800000071525573730e+00
8.691406250000000000e-02 1.802926898002624512e+00
5.869140625000000000e-01 1.805853724479675293e+00
3.369140625000000000e-01 1.808780550956726074e+00
8.369140625000000000e-01 1.811707377433776855e+00
2.119140625000000000e-01 1.814634203910827637e+00
7.119140625000000000e-01 1.817561030387878418e+00
4.619140625000000000e-01 1.820487856864929199e+00
9.619140625000000000e-01 1.823414683341979980e+00
5.566406250000000000e-02 1.826341509819030762e+00
5.556640625000000000e-01 1.829268336296081543e+00
3.056640625000000000e-01 1.832195162773132324e+00
8.056640625000000000e-01 1.835121989250183105e+00
1.806640625000000000e-01 1.838048815727233887e+00
6.806640625000000000e-01 1.840975642204284668e+00
4.306640625000000000e-01 1.843902468681335449e+00
9.306640625000000000e-01 1.846829295158386230e+00
1.181640625000000000e-01 1.849756121635437012e+00
6.181640625000000000e-01 1.852682948112487793e+00
3.681640625000000000e-01 1.855609774589538574e+00
8.681640625000000000e-01 1.858536601066589355e+00
2.431640625000000000e-01 1.861463427543640137e+00
7.431640625000000000e-01 1.864390254020690918e+00
4.931640625000000000e-01 1.867317080497741699e+00
9.931640625000000000e-01 1.870243906974792480e+00
4.882812500000000000e-03 1.873170733451843262e+00
5.048828125000000000e-01 1.876097559928894043e+00
2.548828125000000000e-01 1.879024386405944824e+00
7.548828125000000000e-01 1.881951212882995605e+00
1.298828125000000000e-01 1.884878039360046387e+00
6.298828125000000000e-01 1.887804865837097168e+00
3.798828125000000000e-01 1.890731692314147949e+00
8.798828125000000000e-01 1.893658518791198730e+00
6.738281250000000000e-02 1.896585345268249512e+00
5.673828125000000000e-01 1.899512171745300293e+00
3.173828125000000000e-01 1.902438998222351074e+00
8.173828125000000000e-01 1.905365824699401855e+00
1.923828125000000000e-01 1.908292651176452637e+00
6.923828125000000000e-01 1.911219477653503418e+00
4.423828125000000000e-01 1.914146304130554199e+00
9.423828125000000000e-01 1.917073130607604980e+00
3.613281250000000000e-02 1.919999957084655762e+00
5.361328125000000000e-01 1.922926783561706543e+00
2.861328125000000000e-01 1.925853610038757324e+00
7.861328125000000000e-01 1.928780436515808105e+00
1.611328125000000000e-01 1.931707262992858887e+00
6.611328125000000000e-01 1.934634089469909668e+00
4.111328125000000000e-01 1.937560915946960449e+00
9.111328125000000000e-01 1.940487742424011230e+00
9.863281250000000000e-02 1.943414568901062012e+00
5.986328125000000000e-01 1.946341395378112793e+00
3.486328125000000000e-01 1.949268221855163574e+00
8.486328125000000000e-01 1.952195048332214355e+00
2.236328125000000000e-01 1.955121874809265137e+00
7.236328125000000000e-01 1.958048701286315918e+00
4.736328125000000000e-01 1.960975527763366699e+00
9.736328125000000000e-01 1.963902354240417480e+00
2.050781250000000000e-02 1.966829180717468262e+00
5.205078125000000000e-01 1.969756126403808594e+00
2.705078125000000000e-01 1.972682952880859375e+00
7.705078125000000000e-01 1.975609779357910156e+00
1.455078125000000000e-01 1.978536605834960938e+00
6.455078125000000000e-01 1.981463432312011719e+00
3.955078125000000000e-01 1.984390258789062500e+00
8.955078125000000000e-01 1.987317085266113281e+00
8.300781250000000000e-02 1.990243911743164062e+00
5.830078125000000000e-01 1.993170738220214844e+00
3.330078125000000000e-01 1.996097564697265625e+00
8.330078125000000000e-01 1.999024391174316406e+00
2.080078125000000000e-01 2.001951217651367188e+00
7.080078125000000000e-01 2.004878044128417969e+00
4.580078125000000000e-01 2.007804870605468750e+00
9.580078125000000000e-01 2.010731697082519531e+00
5.175781250000000000e-02 2.013658523559570312e+00
5.517578125000000000e-01 2.016585350036621094e+00
3.017578125000000000e-01 2.019512176513671875e+00
8.017578125000000000e-01 2.022439002990722656e+00
1.767578125000000000e-01 2.025365829467773438e+00
6.767578125000000000e-01 2.028292655944824219e+00
4.267578125000000000e-01 2.031219482421875000e+00
9.267578125000000000e-01 2.034146308898925781e+00
1.142578125000000000e-01 2.037073135375976562e+00
6.142578125000000000e-01 2.039999961853027344e+00
3.642578125000000000e-01 2.042926788330078125e+00
8.642578125000000000e-01 2.045853614807128906e+00
2.392578125000000000e-01 2.048780441284179688e+00
7.392578125000000000e-01 2.051707267761230469e+00
4.892578125000000000e-01 2.054634094238281250e+00
9.892578125000000000e-01 2.057560920715332031e+00
1.269531250000000000e-02 2.060487747192382812e+00
5.126953125000000000e-01 2.063414573669433594e+00
2.626953125000000000e-01 2.066341400146484375e+00
7.626953125000000000e-01 2.069268226623535156e+00
1.376953125000000000e-01 2.072195053100585938e+00
6.376953125000000000e-01 2.075121879577636719e+00
3.876953125000000000e-01 2.078048706054687500e+00
8.876953125000000000e-01 2.080975532531738281e+00
7.519531250000000000e-02 2.083902359008789062e+00
5.751953125000000000e-01 2.086829185485839844e+00
3.251953125000000000e-01 2.089756011962890625e+00
8.251953125000000000e-01 2.092682838439941406e+00
2.001953125000000000e-01 2.095609664916992188e+00
7.001953125000000000e-01 2.098536491394042969e+00
4.501953125000000000e-01 2.101463317871093750e+00
9.501953125000000000e-01 2.104390144348144531e+00
4.394531250000000000e-02 2.107316970825195312e+00
5.439453125000000000e-01 2.110243797302246094e+00
2.939453125000000000e-01 2.113170623779296875e+00
7.939453125000000000e-01 2.116097450256347656e+00
1.689453125000000000e-01 2.119024276733398438e+00
6.689453125000000000e-01 2.121951103210449219e+00
4.189453125000000000e-01 2.124877929687500000e+00
9.189453125000000000e-01 2.127804756164550781e+00
1.064453125000000000e-01 2.130731582641601562e+00
6.064453125000000000e-01 2.133658409118652344e+00
3.564453125000000000e-01 2.136585235595703125e+00
8.564453125000000000e-01 2.139512062072753906e+00
2.314453125000000000e-01 2.142438888549804688e+00
7.314453125000000000e-01 2.145365715026855469e+00
4.814453125000000000e-01 2.148292541503906250e+00
9.814453125000000000e-01 2.151219367980957031e+00
2.832031250000000000e-02 2.154146194458007812e+00
5.283203125000000000e-01 2.157073259353637695e+00
2.783203125000000000e-01 2.160000085830688477e+00
7.783203125000000000e-01 2.162926912307739258e+00
1.533203125000000000e-01 2.165853738784790039e+00
6.533203125000000000e-01 2.168780565261840820e+00
4.033203125000000000e-01 2.171707391738891602e+00
9.033203125000000000e-01 2.174634218215942383e+00
9.082031250000000000e-02 2.177561044692993164e+00
5.908203125000000000e-01 2.180487871170043945e+00
3.408203125000000000e-01 2.183414697647094727e+00
8.408203125000000000e-01 2.186341524124145508e+00
2.158203125000000000e-01 2.189268350601196289e+00
7.158203125000000000e-01 2.192195177078247070e+00
4.658203125000000000e-01 2.195122003555297852e+00
9.658203125000000000e-01 2.198048830032348633e+00
5.957031250000000000e-02 2.200975656509399414e+00
5.595703125000000000e-01 2.203902482986450195e+00
3.095703125000000000e-01 2.206829309463500977e+00
8.095703125000000000e-01 2.209756135940551758e+00
1.845703125000000000e-01 2.212682962417602539e+00
6.845703125000000000e-01 2.215609788894653320e+00
4.345703125000000000e-01 2.218536615371704102e+00
9.345703125000000000e-01 2.221463441848754883e+00
1.220703125000000000e-01 2.224390268325805664e+00
6.220703125000000000e-01 2.227317094802856445e+00
3.720703125000000000e-01 2.230243921279907227e+00
8.720703125000000000e-01 2.233170747756958008e+00
2.470703125000000000e-01 2.236097574234008789e+00
7.470703125000000000e-01 2.239024400711059570e+00
4.970703125000000000e-01 2.241951227188110352e+00
9.970703125000000000e-01 2.244878053665161133e+00
2.929687500000000000e-03 2.247804880142211914e+00
5.029296875000000000e-01 2.250731706619262695e+00
2.529296875000000000e-01 2.253658533096313477e+00
7.529296875000000000e-01 2.256585359573364258e+00
1.279296875000000000e-01 2.259512186050415039e+00
6.279296875000000000e-01 2.262439012527465820e+00
3.779296875000000000e-01 2.265365839004516602e+00
8.779296875000000000e-01 2.268292665481567383e+00
6.542968750000000000e-02 2.271219491958618164e+00
5.654296875000000000e-01 2.274146318435668945e+00
3.154296875000000000e-01 2.277073144912719727e+00
8.154296875000000000e-01 2.279999971389770508e+00
1.904296875000000000e-01 2.282926797866821289e+00
6.904296875000000000e-01 2.285853624343872070e+00
4.404296875000000000e-01 2.288780450820922852e+00
9.404296875000000000e-01 2.291707277297973633e+00
3.417968750000000000e-02 2.294634103775024414e+00
5.341796875000000000e-01 2.297560930252075195e+00
2.841796875000000000e-01 2.300487756729125977e+00
7.841796875000000000e-01 2.303414583206176758e+00
1.591796875000000000e-01 2.306341409683227539e+00
6.591796875000000000e-01 2.309268236160278320e+00
4.091796875000000000e-01 2.312195062637329102e+00
9.091796875000000000e-01 2.315121889114379883e+00
9.667968750000000000e-02 2.318048715591430664e+00
5.966796875000000000e-01 2.320975542068481445e+00
3.466796875000000000e-01 2.323902368545532227e+00
8.466796875000000000e-01 2.326829195022583008e+00
2.216796875000000000e-01 2.329756021499633789e+00
7.216796875000000000e-01 2.332682847976684570e+00
4.716796875000000000e-01 2.335609674453735352e+00
9.716796875000000000e-01 2.338536500930786133e+00
1.855468750000000000e-02 2.341463327407836914e+00
5.185546875000000000e-01 2.344390392303466797e+00
2.685546875000000000e-01 2.347317218780517578e+00
7.685546875000000000e-01 2.350244045257568359e+00
1.435546875000000000e-01 2.353170871734619141e+00
6.435546875000000000e-01 2.356097698211669922e+00
3.935546875000000000e-01 2.359024524688720703e+00
8.935546875000000000e-01 2.361951351165771484e+00
8.105468750000000000e-02 2.364878177642822266e+00
5.810546875000000000e-01 2.367805004119873047e+00
3.310546875000000000e-01 2.370731830596923828e+00
8.310546875000000000e-01 2.373658657073974609e+00
2.060546875000000000e-01 2.376585483551025391e+00
7.060546875000000000e-01 2.379512310028076172e+00
4.560546875000000000e-01 2.382439136505126953e+00
9.560546875000000000e-01 2.385365962982177734e+00
4.980468750000000000e-02 2.388292789459228516e+00
5.498046875000000000e-01 2.391219615936279297e+00
2.998046875000000000e-01 2.394146442413330078e+00
7.998046875000000000e-01 2.397073268890380859e+00
1.748046875000000000e-01 2.400000095367431641e+00
6.748046875000000000e-01 2.402926921844482422e+00
4.248046875000000000e-01 2.405853748321533203e+00
9.248046875000000000e-01 2.408780574798583984e+00
1.123046875000000000e-01 2.411707401275634766e+00
6.123046875000000000e-01 2.414634227752685547e+00
3.623046875000000000e-01 2.417561054229736328e+00
8.623046875000000000e-01 2.420487880706787109e+00
2.373046875000000000e-01 2.423414707183837891e+00
7.373046875000000000e-01 2.426341533660888672e+00
4.873046875000000000e-01 2.429268360137939453e+00
9.873046875000000000e-01 2.432195186614990234e+00
1.074218750000000000e-02 2.435122013092041016e+00
5.107421875000000000e-01 2.438048839569091797e+00
2.607421875000000000e-01 2.440975666046142578e+00
7.607421875000000000e-01 2.443902492523193359e+00
1.357421875000000000e-01 2.446829319000244141e+00
6.357421875000000000e-01 2.449756145477294922e+00
3.857421875000000000e-01 2.452682971954345703e+00
8.857421875000000000e-01 2.455609798431396484e+00
7.324218750000000000e-02 2.458536624908447266e+00
5.732421875000000000e-01 2.461463451385498047e+00
3.232421875000000000e-01 2.464390277862548828e+00
8.232421875000000000e-01 2.467317104339599609e+00
1.982421875000000000e-01 2.470243930816650391e+00
6.982421875000000000e-01 2.473170757293701172e+00
4.482421875000000000e-01 2.476097583770751953e+00
9.482421875000000000e-01 2.479024410247802734e+00
4.199218750000000000e-02 2.481951236724853516e+00
5.419921875000000000e-01 2.484878063201904297e+00
2.919921875000000000e-01 2.487804889678955078e+00
7.919921875000000000e-01 2.490731716156005859e+00
1.669921875000000000e-01 2.493658542633056641e+00
6.669921875000000000e-01 2.496585369110107422e+00
4.169921875000000000e-01 2.499512195587158203e+00
9.169921875000000000e-01 2.502439022064208984e+00
1.044921875000000000e-01 2.505365848541259766e+00
6.044921875000000000e-01 2.508292675018310547e+00
3.544921875000000000e-01 2.511219501495361328e+00
8.544921875000000000e-01 2.514146327972412109e+00
2.294921875000000000e-01 2.517073154449462891e+00
7.294921875000000000e-01 2.519999980926513672e+00
4.794921875000000000e-01 2.522926807403564453e+00
9.794921875000000000e-01 2.525853633880615234e+00
2.636718750000000000e-02 2.528780460357666016e+00
5.263671875000000000e-01 2.531707286834716797e+00
2.763671875000000000e-01 2.534634113311767578e+00
7.763671875000000000e-01 2.537560939788818359e+00
1.513671875000000000e-01 2.540487766265869141e+00
6.513671875000000000e-01 2.543414592742919922e+00
4.013671875000000000e-01 2.546341419219970703e+00
9.013671875000000000e-01 2.549268245697021484e+00
8.886718750000000000e-02 2.552195072174072266e+00
5.888671875000000000e-01 2.555121898651123047e+00
3.388671875000000000e-01 2.558048725128173828e+00
8.388671875000000000e-01 2.560975551605224609e+00
2.138671875000000000e-01 2.563902378082275391e+00
7.138671875000000000e-01 2.566829204559326172e+00
4.638671875000000000e-01 2.569756031036376953e+00
9.638671875000000000e-01 2.572682857513427734e+00
5.761718750000000000e-02 2.575609683990478516e+00
5.576171875000000000e-01 2.578536510467529297e+00
3.076171875000000000e-01 2.581463336944580078e+00
8.076171875000000000e-01 2.584390163421630859e+00
1.826171875000000000e-01 2.587316989898681641e+00
6.826171875000000000e-01 2.590243816375732422e+00
4.326171875000000000e-01 2.593170642852783203e+00
9.326171875000000000e-01 2.596097469329833984e+00
1.201171875000000000e-01 2.599024295806884766e+00
6.201171875000000000e-01 2.601951122283935547e+00
3.701171875000000000e-01 2.604877948760986328e+00
8.701171875000000000e-01 2.607804775238037109e+00
2.451171875000000000e-01 2.610731601715087891e+00
7.451171875000000000e-01 2.613658428192138672e+00
4.951171875000000000e-01 2.616585254669189453e+00
9.951171875000000000e-01 2.619512081146240234e+00
6.835937500000000000e-03 2.622438907623291016e+00
5.068359375000000000e-01 2.625365734100341797e+00
2.568359375000000000e-01 2.628292560577392578e+00
7.568359375000000000e-01 2.631219387054443359e+00
1.318359375000000000e-01 2.634146213531494141e+00
6.318359375000000000e-01 2.637073040008544922e+00
3.818359375000000000e-01 2.639999866485595703e+00
8.818359375000000000e-01 2.642926692962646484e+00
6.933593750000000000e-02 2.645853519439697266e+00
5.693359375000000000e-01 2.648780345916748047e+00
3.193359375000000000e-01 2.651707172393798828e+00
8.193359375000000000e-01 2.654633998870849609e+00
1.943359375000000000e-01 2.657560825347900391e+00
6.943359375000000000e-01 2.660487651824951172e+00
4.443359375000000000e-01 2.663414478302001953e+00
9.443359375000000000e-01 2.666341304779052734e+00
3.808593750000000000e-02 2.669268131256103516e+00
5.380859375000000000e-01 2.672194957733154297e+00
2.880859375000000000e-01 2.675121784210205078e+00
7.880859375000000000e-01 2.678048610687255859e+00
1.630859375000000000e-01 2.680975437164306641e+00
6.630859375000000000e-01 2.683902263641357422e+00
4.130859375000000000e-01 2.686829090118408203e+00
9.130859375000000000e-01 2.689755916595458984e+00
1.005859375000000000e-01 2.692682743072509766e+00
6.005859375000000000e-01 2.695609569549560547e+00
3.505859375000000000e-01 2.698536396026611328e+00
8.505859375000000000e-01 2.701463222503662109e+00
2.255859375000000000e-01 2.704390048980712891e+00
7.255859375000000000e-01 2.707316875457763672e+00
4.755859375000000000e-01 2.710243701934814453e+00
9.755859375000000000e-01 2.713170528411865234e+00
2.246093750000000000e-02 2.716097354888916016e+00
5.224609375000000000e-01 2.719024419784545898e+00
2.724609375000000000e-01 2.721951246261596680e+00
7.724609375000000000e-01 2.724878072738647461e+00
1.474609375000000000e-01 2.727804899215698242e+00
6.474609375000000000e-01 2.730731725692749023e+00
3.974609375000000000e-01 2.733658552169799805e+00
8.974609375000000000e-01 2.736585378646850586e+00
8.496093750000000000e-02 2.739512205123901367e+00
5.849609375000000000e-01 2.742439031600952148e+00
3.349609375000000000e-01 2.745365858078002930e+00
8.349609375000000000e-01 2.748292684555053711e+00
2.099609375000000000e-01 2.751219511032104492e+00
7.099609375000000000e-01 2.754146337509155273e+00
4.599609375000000000e-01 2.757073163986206055e+00
9.599609375000000000e-01 2.759999990463256836e+00
5.371093750000000000e-02 2.762926816940307617e+00
5.537109375000000000e-01 2.765853643417358398e+00
3.037109375000000000e-01 2.768780469894409180e+00
8.037109375000000000e-01 2.771707296371459961e+00
1.787109375000000000e-01 2.774634122848510742e+00
6.787109375000000000e-01 2.777560949325561523e+00
4.287109375000000000e-01 2.780487775802612305e+00
9.287109375000000000e-01 2.783414602279663086e+00
1.162109375000000000e-01 2.786341428756713867e+00
6.162109375000000000e-01 2.789268255233764648e+00
3.662109375000000000e-01 2.792195081710815430e+00
8.662109375000000000e-01 2.795121908187866211e+00
2.412109375000000000e-01 2.798048734664916992e+00
7.412109375000000000e-01 2.800975561141967773e+00
4.912109375000000000e-01 2.803902387619018555e+00
9.912109375000000000e-01 2.806829214096069336e+00
1.464843750000000000e-02 2.809756040573120117e+00
5.146484375000000000e-01 2.812682867050170898e+00
2.646484375000000000e-01 2.815609693527221680e+00
7.646484375000000000e-01 2.818536520004272461e+00
1.396484375000000000e-01 2.821463346481323242e+00
6.396484375000000000e-01 2.824390172958374023e+00
3.896484375000000000e-01 2.827316999435424805e+00
8.896484375000000000e-01 2.830243825912475586e+00
7.714843750000000000e-02 2.833170652389526367e+00
5.771484375000000000e-01 2.836097478866577148e+00
3.271484375000000000e-01 2.839024305343627930e+00
8.271484375000000000e-01 2.841951131820678711e+00
2.021484375000000000e-01 2.844877958297729492e+00
7.021484375000000000e-01 2.847804784774780273e+00
4.521484375000000000e-01 2.850731611251831055e+00
9.521484375000000000e-01 2.853658437728881836e+00
4.589843750000000000e-02 2.856585264205932617e+00
5.458984375000000000e-01 2.859512090682983398e+00
2.958984375000000000e-01 2.862438917160034180e+00
7.958984375000000000e-01 2.865365743637084961e+00
1.708984375000000000e-01 2.868292570114135742e+00
6.708984375000000000e-01 2.871219396591186523e+00
4.208984375000000000e-01 2.874146223068237305e+00
9.208984375000000000e-01 2.877073049545288086e+00
1.083984375000000000e-01 2.879999876022338867e+00
6.083984375000000000e-01 2.882926702499389648e+00
3.583984375000000000e-01 2.885853528976440430e+00
8.583984375000000000e-01 2.888780355453491211e+00
2.333984375000000000e-01 2.891707181930541992e+00
7.333984375000000000e-01 2.894634008407592773e+00
4.833984375000000000e-01 2.897560834884643555e+00
9.833984375000000000e-01 2.900487661361694336e+00
3.027343750000000000e-02 2.903414487838745117e+00
5.302734375000000000e-01 2.906341552734375000e+00
2.802734375000000000e-01 2.909268379211425781e+00
7.802734375000000000e-01 2.912195205688476562e+00
1.552734375000000000e-01 2.915122032165527344e+00
6.552734375000000000e-01 2.918048858642578125e+00
4.052734375000000000e-01 2.920975685119628906e+00
9.052734375000000000e-01 2.923902511596679688e+00
9.277343750000000000e-02 2.926829338073730469e+00
5.927734375000000000e-01 2.929756164550781250e+00
3.427734375000000000e-01 2.932682991027832031e+00
8.427734375000000000e-01 2.935609817504882812e+00
2.177734375000000000e-01 2.938536643981933594e+00
7.177734375000000000e-01 2.941463470458984375e+00
4.677734375000000000e-01 2.944390296936035156e+00
9.677734375000000000e-01 2.947317123413085938e+00
6.152343750000000000e-02 2.950243949890136719e+00
5.615234375000000000e-01 2.953170776367187500e+00
3.115234375000000000e-01 2.956097602844238281e+00
8.115234375000000000e-01 2.959024429321289062e+00
1.865234375000000000e-01 2.961951255798339844e+00
6.865234375000000000e-01 2.964878082275390625e+00
4.365234375000000000e-01 2.967804908752441406e+00
9.365234375000000000e-01 2.970731735229492188e+00
1.240234375000000000e-01 2.973658561706542969e+00
6.240234375000000000e-01 2.976585388183593750e+00
3.740234375000000000e-01 2.979512214660644531e+00
8.740234375000000000e-01 2.982439041137695312e+00
2.490234375000000000e-01 2.985365867614746094e+00
7.490234375000000000e-01 2.988292694091796875e+00
4.990234375000000000e-01 2.991219520568847656e+00
9.990234375000000000e-01 2.994146347045898438e+00
4.882812500000000000e-04 2.997073173522949219e+00
